0.47322168946266174 0.22362461686134338 -0.20625324547290802
0.48707637190818787 0.20886215567588806 -0.1961069107055664
0.49772658944129944 0.20828643441200256 -0.1962440311908722
0.5076095461845398 0.20786194503307343 -0.19642218947410583
0.46039506793022156 0.21204903721809387 -0.18282842636108398
0.45246702432632446 0.2135757952928543 -0.18284909427165985
0.44485366344451904 0.21491169929504395 -0.18303492665290833
0.5302988886833191 0.21863976120948792 -0.09974297881126404
0.43678179383277893 0.22638078033924103 -0.04287269338965416
0.49806147813796997 0.24352869391441345 -0.16921155154705048
0.4608260691165924 0.24511972069740295 -0.15306003391742706
0.615787148475647 0.3271641731262207 -0.055061060935258865
0.3986707627773285 0.331294447183609 0.029074983671307564
0.7319982647895813 0.425436407327652 -0.0020198060665279627
0.2974430024623871 0.41712450981140137 0.15409700572490692
0.6292471289634705 0.47715848684310913 -0.054981719702482224
0.3402724862098694 0.46973714232444763 0.16279776394367218
0.6060103178024292 0.5114420056343079 -0.08260726183652878
0.34910351037979126 0.5051501989364624 0.15092065930366516
0.5803424119949341 0.5036293268203735 -0.0858985185623169
0.37254035472869873 0.49788880348205566 0.14279800653457642
0.5830396413803101 0.49318861961364746 -0.049478113651275635
0.3725285828113556 0.48721638321876526 0.16216863691806793
0.5603923201560974 0.5911805033683777 -0.011787865310907364
0.4201621413230896 0.5873425006866455 0.011503171175718307
0.5969076156616211 0.7859417796134949 -0.04396529495716095
0.4407471716403961 0.7734431028366089 -0.0016347314231097698
0.625861406326294 0.9613329172134399 0.027205858379602432
0.4847467839717865 0.9462934732437134 0.14725835621356964
0.6169531345367432 0.968669056892395 0.023854847997426987
0.4987376630306244 0.9623494148254395 0.15678228437900543
0.6437923908233643 1.0255087614059448 -0.15601786971092224
0.4826239347457886 1.0121362209320068 -0.0023702357430011034
